0.6758313379812818
0.21432320123825765
0.3094520308816917
0.7994660967748332
0.9958020988654668
0.1422318152800518
0.07872553376199898
0.18082381369685463
0.35964689168935093
0.16961924970704834
0.5887593155397302
0.6168075138237781
0.10538567974837565
0.5657310510258305
0.00462964332838578
0.4651191994088223
0.9756221976285376
0.7994284384514969
0.5968223667041186
0.3253496550827225
0.20634391138553032
0.4427255670928353
0.27804139974201525
0.8749578401262239
0.21315734573396772
0.27424500425528053
0.8071819864678583
0.2683653259749784
0.26806286956762926
0.07088178423015679
0.46720881382534096
0.2642054399404685
0.8889420380314923
0.28631831254261475
0.7737669316985375
0.48724486105228537
0.4680190469346087
0.964930208280478
0.8982273343115446
0.07903431709755182
0.24520427065826578
0.18478707867662902
0.9054749040409369
0.5538320422201747
0.37165898082652515
0.8338970309289541
0.3487725784276132
0.6816540519843152
0.22835056975573742
0.02387228912803563
0.6961189834824061
0.33685276576826173
0.34199259772119917
0.2758408680070462
0.2513437361175035
0.5701055288247654
0.333856221036382
0.42559779205070847
0.20192980594175314
0.5051596709518625
0.585387227007845
0.42030016089787947
0.40344686609509395
0.9439428166937511
0.048212378645927756
0.3260737905145501
0.5189313305691428
0.5984541580840346
0.042295106223973256
0.24125679396452204
0.05425634350052422
0.0077307593546775966
0.322097786480973
0.40699871051207925
0.8591743528498723
0.0134764538268769
0.7162356050686391
0.4569535009476371
0.5890750127558362
0.14639441917623508
0.8019590025685646
0.3793029101922408
0.40981567867379143
0.5658211106850368
0.2607160525371862
0.4363584511892198
0.13481885876743138
0.7028911583232353
0.10056103098593427
0.2795177487202619
0.21852061138050005
0.13162664068691
0.5490911414028141
0.19695715642104128
0.751169557376425
0.2798727103354204
0.9680080970310831
0.5651127192870163
0.08797606848968764
0.6202315964176985
0.2090192612295143
0.3777475872869961
0.20754026074851273
0.28412533212399005
0.6132496147256818
0.505464835672272
0.01961901161452051
0.9167337507638387
0.24682518295101097
0.48578504227177777
0.1282596437778598
0.3835261044677518
0.7823281951737205
0.2391478931568921
0.8445503514678546
0.6140793014110142
0.6337531224057359
0.9050745779829757
0.5096801618941449
0.13875612458677267
0.6404791079392379
0.6344262399214868
0.8000681574518554
0.12654222439781704
0.21802284007221295
0.9325705095317154
0.5628070593682948
0.2039558518221234
0.42381426616325224
0.39140381857637485
0.13033905465606432
0.5922474808472562
0.05193362463309881
0.05977192062705472
0.25882866282148365
0.3699745418467578
0.5632363893256852
0.9065232809909672
0.2307096540205147
0.14928413620912306
0.13411929977825898
0.07344504254660711
0.15496036655571943
0.2201204362619582
0.9481525827350313
0.8736149157693897
0.1408384602901327
0.7801879841501114
0.006534291630637679
0.6639473528895634
0.3126370695582653
0.3578133052863003
0.22556785772719046
0.5621030645471938
0.9303922096027237
0.8292146985860535
0.8152859954420554
0.5112179083906677
0.9739616868879195
0.8393206574907746
0.62677814808237
0.889143888664055
0.08752316929757786
0.2176884335992938
0.907486908016665
0.1801907955130223
0.08330642376728836
0.38998117950889866
0.7174152649201643
0.5952953596351221
0.5323274162691723
0.7426883948517362
0.8334567554075646
0.0210184391324868
0.8971495142824282
0.6022420642049984
0.8766199152604967
0.48980179922532996
0.33298848653328317
0.13348594058716057
0.7374927885656613
0.11979623402358319
0.8340388491016626
0.17802030845432892
0.07034626502690922
0.6747006600374666
0.515969955385133
0.18122505913823073
0.03845590068527294
0.28390260454560134
0.8661261752121361
0.3744549124906754
0.7710462459277347
0.9873343968992242
0.812639485330817
0.9870003292738296
0.4859553847657855
0.9513678499720813
0.1956261542312353
0.1910428840644104
0.694577071916031
0.9664925374612783
0.6419697380666001
0.572714307965144
0.8647048528652669
0.27484358974463075
0.8808890258427969
0.05932454153617406
0.21427665043059874
0.8119503611956248
0.5596401471700154
0.8369887713592677
0.3805569863076016
0.033898820090026094
0.5818307796575592
0.6478041821674095
0.12084064992097099
0.6126184191561918
0.7468425396632487
0.9624890837919969
0.6627237782913741
0.5761510266867051
0.6500215087676824
0.3935433937737509
0.5414171348023039
0.4437999302361919
0.5533092155250245
0.6434096393322133
0.6545657081226582
0.8451473233680461
0.16776312454575104
0.22652963114173807
0.32283665552091134
0.933926565902711
0.6472249901361865
0.12681505383567926
0.3091513646615527
0.7013558456119244
0.200710410926626
0.7497513129313224
0.9377436856688152
0.9293888772055791
0.4886078115183903
0.34146139543599174
0.17751661075427738
0.14539540181582788
0.06111438019326909
0.825437543772209
0.33938288178547904
0.2474093858274672
0.878564219062641
0.13840255302440718
0.1360695557819135
0.26261783390143123
0.8331755420715325
0.12293241551071266
0.20123638297808844
0.9264649629653053
0.8751492282156423
0.6932470250778178
0.14112121646860354
0.712699943344259
0.9939509949936401
0.6904933234656282
0.5401743374404491
0.7257376649220043
0.8984365080771128
0.41931344815675875
0.7062172548433637
0.6200143011477913
0.6090046579946401
0.4693454651869511
0.37945184319067493
0.007767922610067202
0.8145468870094773
0.5202691084563734
0.6303111753865549
0.2734195590884745
0.529380931101413
0.03468109777889972
0.48458165397702535
0.523125475074939
0.29316041748155486
0.2721168449043224
0.6205834421885513
0.0997758575575276
0.12547592991076628
0.18665851824196944
0.3433318927024329
0.9691468247203173
0.8517390927157821
0.43739664398491884
0.689806083842731
0.40898273423194687
0.7760760989731084
0.6992123788891826
0.01123991352885223
0.5969410153477375
0.2595375414658482
0.9234341853684933
0.6223127143853028
0.9020262506213284
0.8138582232577013
0.414413423042038
0.8950737006985376
0.9832818088018588
0.23002065579596398
0.4289958854023793
0.08258754793894685
0.49914923703811076
0.4523406316506666
0.48442756283277044
0.1356390542382907
0.5104967358641715
0.3753438445990418
0.42697272479583426
0.767003914745311
0.5034676072363641
0.021845631312865765
0.4020488510711139
0.8939154408634337
0.29560529618446485
0.15513574389278717
0.008803690908034567
0.5693882506123051
0.21638800893354038
0.33037890770306944
0.7803688178054395
0.8893088294801824
0.23383345355968543
0.19209302367261005
0.28939983675550085
0.9578204408529007
0.010374308286160261
0.7409458876247526
0.9453059620646951
0.34615823738261997
0.1836257569234645
0.8492125264065342
0.1578357237580592
0.7246088669146502
0.9633857423907339
0.3634052824260182
0.09155595669984362
0.5224388039681699
0.7404160359950237
0.4931932796107089
0.3645104544171822
0.42323077991518965
0.7056878608648094
0.24366011916305974
0.5153816911732294
0.1279094009984515
0.733940377924659
0.6927338168128706
0.17247163552158118
0.2371313899197327
0.3102345695019765
0.32216290374265477
0.31178944081368554
0.7758557748387321
0.03454216664365095
0.1990219902467536
0.6548490943241714
0.17329873025416243
0.8520346200337446
0.7912903209948952
0.7998784065830193
0.6369543165351363
0.043953901400416884
0.9632779455459195
0.12714834331029945
0.0344864240932522
0.5184417369313419
0.9165079877782556
0.3351541041843358
0.7774663340624588
0.4774220460739389
0.08570579113557408
0.6390316349526252
0.964923716607742
0.6919657581199754
0.6687267132250578
0.593497919921148
0.09936740118493737
0.4097409498718212
0.2116378451599079
0.5847527215960143
0.5186847377964922
0.050969887006143355
0.4526109861709865
0.7447733828793369
0.3489514110360854
0.6278066070697542
0.34585771452999237
0.0731169297011196
0.1229364713451695
0.017747252011407144
0.03864987347330573
0.6891669763072882
0.19837232045821118
0.8638302445026946
0.7687165031643948
0.7359406928664082
0.6680759777241558
0.9272565827158893
0.5456695286915992
0.2730883697806583
0.7028128784272889
0.1318052835082052
0.29975193078476503
0.01560047997729086
0.9606172172361596
0.2933440575335393
0.8570689288871368
0.8947637480420476
0.504281078755677
0.7496408694885983
0.31133147249615756
0.4089274399821191
0.9059734718095522
0.9592054522211872
0.08697646047703345
0.8136632729437863
0.7964179962377512
0.42604348050912444
0.025562433014207797
0.45822880437063007
0.6518692471075772
0.14557360997589153
0.5657314261262867
0.9072729879600222
0.14600425054227495
0.6833843468902376
0.39047655757447985
0.769153270056944
0.6126200511031953
0.40835005070836417
0.49513094236040534
0.06718195189694842
0.7492908824735232
0.32637491547602815
0.9666932302581552
0.8800279643767597
0.12679135367793537
0.9692561446066318
0.3671852803630239
0.708021113578848
0.9177356653931039
0.20967025113231308
0.265043825078641
0.8994695604813258
0.5656274247686836
0.3919578949068233
0.5033794683234062
0.6797136609507654
0.2800687609727317
0.004001749987028624
0.2692254942708189
0.890705113174646
0.35576333735930044
0.24417214709740587
0.37402965356755713
0.5301025276761849
0.9747810885761651
0.6364034296091053
0.08494038651064828
0.8720448788531368
0.6435337689637308
0.5163239516844924
0.06366203645638513
0.2169738662711762
0.6464264345332182
0.2461172497749019
0.814193692411049
0.20399615192003562
0.7449004764621464
0.7151600236445307
0.31028549231748936
0.5420732779389589
0.9268115972869573
0.25166004449874935
0.8030235939641431
0.5895099564692233
0.22454608292408862
0.48713989839712435
0.18850186139375513
0.5374908450304524
0.5906686009241585
0.8078918815094132
0.7006825490851271
0.0864976070536505
0.7355262824496684
0.29429148459301724
0.2491550719976987
0.9018663648918118
0.9272791403619193
0.30651712825169797
0.19365138222367306
0.4850762322658406
0.36091864760333736
0.9733809854909974
0.2545217993253326
0.8686927435253218
0.46970901870690696
0.6221914569271596
0.9445576194783568
0.5026838528340528
0.7383667346540048
0.8183238234380475
0.8375707258103936
0.47642738085456404
0.735738648599701
0.15173737090713701
0.05082917994757452
0.8936649859579527
0.07471615516371033
0.06331875814603649
0.7839630724799684
0.16463686655212872
0.07295485883767039
0.321176075216275
0.6732579634796794
0.12217430789400463
0.8631878112340474
0.9723931423573936
0.6476965994717836
0.7281412089232594
0.17376904664647996
0.6357996986792127
0.9741552370199056
0.926532143305388
0.34310097467871026
0.6957455423069329
0.1674232820810848
0.6140396074398795
0.6147887709127264
0.200907301950618
0.32591097685813464
0.8645760091352546
0.22408510555579786
0.28279060067599304
0.4620682677487573
0.19741639795005617
0.4833259551305985
0.35138295199657543
0.4306063858714768
0.6150102672648269
0.862815501006706
0.35727421705250484
0.512643277424346
0.10206014563639021
0.8164289377633661
0.37217780680819457
0.9771006707773255
0.7457840424918111
0.7578855002637342
0.673486954324792
0.11256919216122996
0.8331642814363734
0.47129445700048345
0.6874858502358286
0.7542369531705431
0.03633218074124156
0.9210210403734167
0.0019555574843543866
0.8275512992324073
0.5263197181841851
0.37423148032008624
0.7930460472146386
0.645386510054946
0.8154752920974564
0.6514185677715042
0.6449590722876948
0.48601924329824464
0.6848984863431868
0.6314294230718912
0.3956177776572576
0.7647123834323742
0.47742940008736756
0.8310708703787011
0.67316902582296
0.9239642060348814
0.8915935812076775
0.9575625868871153
0.36308425030670044
0.750134137814873
0.9726704941676613
0.842376303205375
0.20533447100848223
0.5214195315447154
0.25503360151592325
0.555809554282257
0.8447803670866538
0.8486927992925325
0.16154629018932964
0.642152428155757
0.4957725874080512
0.32792633576723795
0.6403890218978638
0.7039296550490067
0.1595668976776946
0.8231770112193106
0.42248998017349115
0.7139097622002765
0.29454442053271435
0.7030158530122781
0.0647310544418972
0.9027701832450858
0.571013252656471
0.8725815809063848
0.16165879992446797
0.3103066919540963
0.7399275406802516
0.1074911404880663
0.813350295212529
0.3976608555937571
0.31347060261231474
0.20252793654666856
0.026806460955806743
0.8060995087818429
0.9114034246175717
0.5334721160040946
0.7102592392445309
0.8144996325251038
0.19706359921763228
0.5002379692189292
0.4344849184418871
0.2348223097453408
0.19917819461256525
0.6922412826900206
0.6244164233765349
0.8117131530874527
0.8868021410814217
0.10873134427769426
0.9802184273616072
0.8300188986126373
0.610735516124235
0.03524850461087059
0.7882773989408116
0.25399736068696777
0.8797613983925546
0.6894140353235335
0.42405806527629897
0.02168952290923709
0.5995392077268151
0.7205482534625287
0.8989844442581302
0.06072041126629324
0.625212371070392
0.12115481792574112
0.8564588207504653
0.16909209686049576
0.5209807378991854
0.6936753290902367
0.15351709816667902
0.8232790461228229
0.19123537567084237
0.3989125742866281
0.01684437047608467
0.2737748304512503
0.6590634148796359
0.7717206451213916
0.6908199192166434
0.5014857488034377
0.5207576241206714
0.14653335703158754
0.7494408086345941
0.2566143386204818
0.536073559871088
0.29874219391503776
0.6946595578325179
0.0996480441172849
0.3807425714419078
0.061636442066678176
0.21629995566637317
0.29715445899687776
0.6353809209468154
0.12128498065373106
0.9085768662034619
0.4714924566841696
0.8411804547002802
0.8897475035900213
0.3654234196348254
0.0799398980355357
0.3054857915184608
0.08783913162136603
0.9347035234442279
0.7404638700706563
0.7765922985882325
0.752178374198407
0.20958507666898651
0.8541945676120081
0.7075350558324555
0.5507243486334689
0.9784071221390629
0.8945490096263723
0.6650108537945517
0.9426016511995688
0.3399244574658059
0.15384233988756635
0.49113383244055053
0.3381371522292853
0.2800844534740522
0.5089050502205021
0.35922868471207847
0.2607572650417881
0.9579084893346768
0.20635430385194664
0.9155746246931211
0.24255809199714806
0.5458890956542927
0.5399335741553178
0.9249133675395178
0.7620014737908206
0.9898141581474591
0.1730100295795307
0.22554868107182724
0.9240910629545876
0.9197352289229918
0.15257811276647248
0.25411959395560235
0.2368009706414217
0.6030357959714108
0.3691684028303529
0.37266022823039424
0.9028441729274684
0.025571137806727817
0.9987097442731849
0.47913572124632786
0.4626922520839549
0.8342453360489182
0.6143854317187039
0.6202220077688188
0.9076175157851022
0.6190936099189941
0.12808742407602158
0.25012591328114475
0.5580588094776396
0.5506843875365229
0.50933976263462
0.055784234776178
0.05449976616054919
0.38290001006968655
0.8500024349175563
0.259904314363387
0.21656530244432315
0.5149453970034705
0.765832257407527
0.3081551277250547
0.8174226768482137
0.1031995482068464
0.22479115031468577
0.8627826317994114
0.7078481884576363
0.26337281969227533
0.5925153408462058
0.30103840125119463
0.8755218110058647
0.03294015391119676
0.40255605850064546
0.9277894815655149
0.13879582177805183
0.8499563767184067
0.9920144570718977
0.4096305840826727
0.702231290087345
0.10643421473695103
0.07541194124139738
0.48043630668956916
0.9420683785751817
0.19532243069179722
0.13589672021213695
0.05055020683164957
0.8602723916976911
0.9391497445702034
0.9305909710192186
0.18412433842883946
0.34928607799254663
0.6786980745250415
0.8396641280957761
0.9399870244324392
0.7801530594694768
0.8105072680963816
0.4579315201671226
0.6689618025398836
0.5276335956690708
0.6187935677143995
0.6765458542838593
0.048573810215737145
0.44217266848450176
0.23175061506489514
0.2875851682285504
0.37540553572449964
0.5285010820884098
0.8565430887393513
0.9029602559854908
0.15299060908762951
0.7207574397454714
0.9838838953792043
0.8426979969684534
0.3097591631848372
0.23233297763361316
0.758556697076449
0.16199067746356033
0.7051157608036478
0.7752075910164321
0.5275171106702882
0.08422897252504558
0.983459784158633
0.7542996302366368
0.3138910541083997
0.22672041787182218
0.11532199326575998
0.12090737481167069
0.8708399934875857
0.9306566358893165
0.21681952661183013
0.07960111738078135
0.5148267660981317
0.9447890124051179
0.06240408717945867
0.4536131767845062
0.13900614433383496
0.7293203102688204
0.30350603137778576
0.21436824144345612
0.25694294199342627
0.8413307792794021
0.42629641655551676
0.7648638874068416
0.3665730002494427
0.38208834903304756
0.9113361778026167
0.5633373251599197
0.007273423646488308
0.3257665409940632
0.18484522681704052
0.9074326037963161
0.11302713172576295
0.04689654598049897
0.6370477368129437
0.5786064214465513
0.17450728008467442
0.9595895680364109
0.9216475914511048
0.48842938764444266
0.37136380137566793
0.17320004676462764
0.6014445978121491
0.3175859408992011
0.7815080549739807
0.1256000359477497
0.6830583635868763
0.9420473762968506
0.9355739257347011
0.8969775184747839
0.039523429955615974
0.023583661744121076
0.8807564427239649
0.0482101227451901
0.9246541186976044
0.3335212252602078
0.2735904808549191
0.22944017231926972
0.4079217709650028
0.8531964053607047
0.24701560039372905
0.6000000040497623
0.34100441202738674
0.9241703142878034
0.829895399517309
0.5527810323756777
0.29237325817249027
0.5285306526575442
0.6636269148521559
0.05307759715053173
0.977243270989222
0.10799966121434801
0.0801893295020839
0.844864792102276
0.15003378684118895
0.7003701204913684
0.7318671370568455
0.6707164078728869
0.6581494375192267
0.5841509618100021
0.3531598314716692
0.4100423907523584
0.7664487000688257
0.37638642772275377
0.10196820667712048
0.8560133295489141
0.9479634111884981
0.42620946721780006
0.32894607104462636
0.8302633232571246
0.07270204859372909
0.612706574582027
0.6158049682909013
0.4942494379972564
0.7243492795797555
0.21821317609747137
0.9890244950889945
0.27859130057168313
0.11342641751851756
0.6388713504905543
0.6337815352690968
0.6490562284899235
0.8925244963780264
0.2015335569927793
0.591636613464384
0.7925423758309261
0.33865029531014645
0.9863861295789573
0.9383574300399727
0.003989887543098702
0.9541808022389655
0.5404550764868932
0.04149521350076346
0.9483911390712437
0.3611296587194933
0.654454663128588
0.11743556665980892
0.996098292092156
0.5670272928585051
0.8842684985578494
0.007687976551607578
0.8755945061491001
0.5335189229739609
0.4797016564489701
0.3609343504581898
0.9569147550651477
0.46980612337102434
0.9762636845605625
0.49341677235381254
0.6433237686397085
0.7895705098936474
0.8118715873187152
0.6821478164485979
0.31182470578587707
0.7285968727269762
0.2503944363136442
0.3936322648232229
0.2966644155587965
0.8972788806676084
0.8578169857519119
0.3773495721680411
0.9185154949651217
0.5551703530931985
0.5315036931328638
0.06768913721339143
0.437314574808105
0.7630175565538648
0.8683905821487932
0.12811369035402298
0.7479966393189376
0.8850106409481403
0.8215114860627568
0.03584383113503653
0.6107178374845266
0.2595853714269827
0.6423140842971701
0.6946355125012131
0.24039240937259643
0.006685363956903334
0.6969760491492614
0.8057208485264474
0.02532464384966704
0.48292617871624166
0.26739115921154144
0.3175980409740774
0.4599374968423555
0.6956671255709518
0.9041750281986474
0.6984157340478182
0.5525190827314744
0.48301676602311017
0.791409343365084
0.9790938514078644
0.9786462323265304
0.5889493319959721
0.1334280050754556
0.2941760633113045
0.9633178412421085
0.049061502602020024
0.258511235447072
0.6794304717107937
0.5685606009146288
0.3280464339105744
0.46471861950707305
0.5650592699951594
0.9657967755118624
0.4780068369880982
0.09857748894533869
0.2250630367527846
0.8418104137843996
0.9217928731934822
0.18935154760505202
0.031378050905277455
0.9365799006821883
0.0874806078085989
0.41989520119122936
0.4758141368643657
0.948408858655973
0.6936239533017835
0.6937669476899997
0.9520314952621316
0.46986878082689176
0.4665328025079821
0.45351222994022833
0.7674001177937682
0.9168121902053095
0.5559606365823547
0.6731085195177202
0.5513030252950771
0.3145316336635896
0.6435325326584969
0.09537090462093112
0.8313220892785614
0.9323946256243285
0.21934060673065692
0.7791098021077705
0.7278026978651759
0.1307453506987476
0.21466088518442494
0.4955392448222058
0.4558994994028396
0.6172306005883799
0.25520115398058907
0.8262820572721726
0.4758650541769588
0.9882769359521417
0.6235747947512943
0.792622400146363
0.820034864820348
0.5234692540137299
0.6980522073288223
0.4626385061952163
0.5741051481193795
0.47757343539261476
0.5045155113634241
0.676947599970898
0.8718937163827561
0.10338382531462531
0.23350089349720482
0.3550331559130815
0.8008527340705195
0.2137769897024171
0.5171637873767126
0.6424754868004513
0.6590512957131964
0.14657997911095755
0.2535108199034477
0.03497908585986442
0.9960191250824362
0.7505095857105633
0.529131659213885
0.8754811604218211
0.4297618678777103
0.6833933330426725
0.03329039500159148
0.5127454217277173
0.3573592162487377
0.1342040609506049
0.6901703373019553
0.10273142529925361
0.8197060931546043
0.03964218575477452
0.9954722586236316
0.4591409835393444
0.5584477814125856
0.14297837918297673
0.6706039521186291
0.3706556343306814
0.7240820763363288
0.5854270109540343
0.10181030005661662
0.2679768264672826
0.4351977578304358
0.016875740947457363
0.5151451720615419
0.31658288603004225
0.3567319039502913
0.03391652464344053
0.8478580379834713
0.22983682113923332
0.2588836675188131
0.9459730218045289
0.038153967906010555
0.4672041158696071
0.41938924664725186
0.09074527311224656
0.5155029238363066
0.37178015002174114
0.9608810878912739
0.4666566879865802
0.7971471630290905
0.05655527412449435
0.4249644887009769
0.9256309753106745
0.3098894646119824
0.9149987013974278
0.8625171122907731
0.04973766353232023
0.6385693349102742
0.8070927854857196
0.8693110755508004
0.4740551970840565
0.25849790102475156
0.40736019761796016
0.9983599244112465
0.730681658406929
0.4761946387086696
0.6617373702906487
0.9451963582807992
0.9186427035383743
0.21652364805024527
0.9202795787705487
0.5094087011919991
0.36254083450544594
0.14300201119407652
0.5999165833893353
0.6626770849336985
0.1978485751474266
0.6969202713945478
0.8903804213304991
0.9345648420172065
0.6433752720620702
0.4043677227107295
0.9900930629416056
0.6656082195277551
0.5547585107899121
0.8045544098001576
0.5281036323893591
0.96596809913592
0.6926884130552241
0.7335316666260236
0.27197377490519603
0.6526551420431967
0.23291885724659334
0.9750122196188437
0.7633779499279565
0.2023157277452755
0.08776336136837959
0.20585713706961795
0.903340997565507
0.3792146484377288
0.2299076775815332
0.2402592020241343
0.6572755306897984
0.7479457022297132
0.8996584558335098
0.816470059563543
0.11709502992739007
0.8273423446154349
0.28402432611115014
0.8713200068978129
0.02919000197504762
0.8126302891277716
0.6504970746654167
0.2846170793171653
0.6854855603220943
0.17774448341469562
0.5429058159868748
0.7506591328718845
0.6419698831120464
0.015575162198274484
0.07245275450864763
0.04990304369306975
0.007263284607183729
0.10063182076924615
0.8024604395400051
0.003487548120605699
0.9210102472324404
0.6204991172128015
0.19876025964678978
0.05310787490979685
0.38485970392079105
0.23960828160490288
0.6457629854952435
0.6081847706529196
0.6888807019091121
0.7024368592718666
0.9077279970352348
0.3525246462006464
0.9368141693266395
0.732453229151074
0.5708637969456382
0.02960660572201046
0.6065843910793262
0.07223579579772721
0.48505882345991336
0.6673274267789892
0.8345284557997119
0.4011576187787662
0.09446542611506004
0.6217533210710211
0.6553533613255429
0.5494580807795054
0.8089767911570175
0.41908798386720414
0.35443375643602815
0.19965079213620063
0.9903034393146839
0.5596437401280152
0.469266764681063
0.021460289538561272
0.6151716902850042
0.23424888997087845
0.19456065841394743
0.3206249524926732
0.7034775739576771
0.8465574519452318
0.2616954775855712
0.7890424988524356
0.5944966720323009
0.6574392503606848
0.3818176127491447
0.03102581790797576
0.733055425440981
0.7363916154375203
0.5635287474122239
0.7633715343839794
0.781273116241467
0.9952616700216351
0.13636743682084596
0.373698272213826
0.7547404207611358
0.7548186550630994
0.42112576459557927
0.6440745862389905
0.13396377591569109
0.9628259293033871
0.41378394716720157
0.7668894039739274
0.035410677200462315
0.44435112627241835
0.6222958194243738
0.2400545457873664
0.9433292737234062
0.2821646276967781
0.595876895419942
0.3536870785114178
0.984755985471819
0.22869244057823312
0.8198000926675877
0.23154118110653654
0.8539267282690128
0.8864167095129084
0.3777055176665719
0.8321537440536524
0.47850927489613193
0.40173675308241674
0.3459767515826597
0.4923639391664535
0.6111727305375235
0.19523084529000945
0.5044416622340644
0.24607779095244398
0.9367848446535159
0.9367024136159804
0.35333199337304255
0.4901769905120167
0.9352598568341727
0.9665191027342303
0.2931297445693627
0.643262476466425
0.9417034871812657
0.14652775766545534
0.4577418992452954
0.942888079128179
0.8636556938307802
0.9423487548453083
0.4282463034929237
0.4943550426115323
0.9190815636347394
0.6033625706813187
0.08414252303523662
0.8107037971344188
0.11772474591016291
0.10075246473402655
0.08579041464236514
0.46892473545674207
0.7734150533752667
0.5772438053907154
0.8648462837378633
0.020604214080807592
0.8983738696275596
0.7655812682539828
0.8136877603388268
0.35864773402166306
0.8497688802900938
0.32717895404299313
0.7474890048371416
0.796676805726873
0.7938718936876604
0.46598565159813166
0.4357697078742214
0.6013369347318938
0.8952042499644833
0.42796280066461034
0.9497555737772592
0.9946214754917236
0.36085713284790566
0.41510957826769546
0.20018892573049096
0.863148784053512
0.1512293526221674
0.8804635877099314
0.45716719760265645
0.3718657694460199
0.4453660531068663
0.904408351640034
0.3001186618011994
0.1753643509024856
0.7895819914426769
0.5585192518561187
0.10531222022830977
0.019586354549190443
0.8676366196738593
0.10045803966094491
0.6211037014669513
0.29969315866010693
0.9401399223972492
0.41137959874447716
0.5464905972007243
0.5692533830181237
0.527130996620384
0.17749590098985069
0.7693958662485563
0.5623261958944532
0.7082154401681878
0.581573196345075
0.13225342153344322
0.8462313409993771
0.6488604508910293
0.5958267724955344
0.2672231750926596
0.23418138353518259
0.48093544760934315
0.21142108763144818
0.461107292493375
0.9235387634539044
0.7150186724581831
0.7873516974076729
0.12300596608452008
0.5438334364123364
0.05524717739841134
0.2690658412178367
0.30751138434462844
0.16218467413467785
0.09300333966799168
0.4562621047507853
0.7027436659567259
0.013518964828975744
0.3456882824011651
0.36330517079628766
0.9631694017008229
0.7843930774642094
0.15823167778852254
0.6616222321709697
0.5710142773170372
0.8570436215872281
0.3643419566154764
0.9606340646722716
0.5230238473372418
0.6840454498250556
0.015453309390925818
0.6327582149103823
0.5290087914923406
0.8856599750995398
0.5928800543061282
0.13373042931282897
0.9744197458850604
0.2746781957146627
0.7007099160861536
0.00042384932857031377
0.4704993028355495
0.921954530581989
0.36018304313397675
0.5454616462363647
0.9479915384859017
0.6645871038264446
0.6598663112547488
0.703690247901412
0.9086601666596548
0.8932619333636852
0.03239718904489408
0.24659233632844668
0.20757568330629372
0.21167524230734736
0.802187814001805
0.7382405564187168
0.677205749204796
0.3784189308551952
0.8275779105283301
0.8725424276265733
0.45554572341483535
0.4407097006002447
0.5067942103735236
0.868517016197505
0.7169705804764243
0.4145011024672858
0.18587686113478996
0.8217731432848913
0.14777576916283897
0.3910753676636033
0.7462710893003822
0.46365419182516265
0.18891828844382486
0.025012853479358443
0.038221813555362805
0.9772885186194515
0.6008456530004591
0.799805626275838
0.5939934426091102
0.4309279831578888
0.2508183354400023
0.734786855429979
0.6623016809528499
0.28063921456457386
0.5460563480327378
0.8636657362132858
0.4744904045546334
0.8798632266236494
0.7613972900877757
0.34216794041123055
0.3896910050513961
0.9045824597739713
0.053218819487977465
0.6595620716301559
0.4042243183292633
0.3102543479825963
0.7196477612460391
0.8372841095104488
0.797924321752873
0.2740515029712802
0.9014394174809447
0.7509965472411102
0.46768448580650246
0.9499031856364617
0.7078900385524262
0.4806518398733979
0.2571030691401658
0.9680817787979015
0.48719511550798567
0.8331834168505018
0.7389721278506214
0.4434620608830512
0.7725015671485918
0.7845456015756842
0.8159813886005943
0.3524431208490669
0.6383544223835104
0.7661284352441518
0.81323695843861
0.0042708430443110235
0.2862228652147176
0.2303514527945021
0.43005292038301934
0.933424803330235
0.7898650285077724
0.23735105595641748
0.6362474230694546
0.8340021381959951
0.90385586161672
0.23290259186849127
0.6236860868890985
0.7383787202247968
0.33808702406198177
0.8528250791426296
0.4820868016420846
0.505672109384038
0.19078262188700346
0.6042986482733187
0.2889917406198026
0.6715475158205911
0.6612386287466272
0.1937507842484938
0.6677632601061583
0.5549316813183671
0.5585362102408826
0.6836086516558353
0.04412124147573193
0.242119437484416
0.4666807747687097
0.04299623076140602
0.49038134671275047
0.4009824658814929
0.7505388423610233
0.7998256791267844
0.5439956305590599
0.9017091895910134
0.32196930747521435
0.49522491211697706
0.4577045554829827
0.433586723277951
0.3348631868784693
0.15070722549578985
0.2210604926562194
0.9455757805244179
0.00383633569712738
0.8410670969146877
0.16728629422116748
0.22102047466289043
0.5432700085503944
0.735049142840925
0.677722705529411
0.3564460014999534
0.05005961377309964
0.8284294785678524
0.0075491669698763975
0.024712440498883437
0.8637505095392075
0.5917787776983576
0.3271546751391715
0.05588830695493929
0.49963473358045607
0.8792238085488454
0.4973177202406349
0.3034498316165416
0.9263366881033422
0.592915696763243
0.3521330936574981
0.4838272650080788
0.7394968183894346
0.8459652476709273
0.6993634871428451
0.02272177974016909
0.43956241327283674
0.006005338557732998
0.6480042079527224
0.05701173143450888
0.49545298521503245
0.213932272089281
0.28331631458350937
0.6585854504261479
0.6893696690518268
0.14110114990505207
0.61400635485113
0.8922527729992544
0.08496398252129711
0.38236658341458507
0.5124368612457483
0.1267277862751558
0.8184579168340118
0.8998848886370927
0.2681182779948085
0.4710252576670755
0.4333544571895469
0.725475954942544
0.5450023973443365
0.29465146172433143
0.13977485689307734
0.5032289523254756
0.9496389716454999
0.19128646335065125
0.9475200324536189
0.19797264700060568
0.6801368746667766
0.028895823229847295
0.6053296754650833
0.04925892400620713
0.24232160628617638
0.28815646577486276
0.9458564977022834
0.5557238880181399
0.27448500596223624
0.18697985443496679
0.9826582777255312
0.21287065855033827
0.4216735109885028
0.4220447531360815
0.9530206841162001
0.38528820030657107
0.5703209570850922
0.11315747056692627
0.05747619742506482
0.37778128038283776
0.18141629028779405
0.9034714633775
0.1602758586695574
0.11635497579375798
0.7491835989178827
0.39855948512415107
0.9242563880643748
0.3747986877544911
0.4221098757893148
0.5661765152539823
0.6072450438767358
0.39645812745509723
0.6808858478404783
0.3072256388893333
0.6163483791916307
0.30123789499985065
0.7391428505417968
0.05611856186936248
0.6523068722778987
0.6092970001728574
0.7949680068784124
0.6611658035129484
0.4757656440213188
0.1363774888657363
0.41465820422698163
0.8757293741107701
0.5160310229690103
0.3110235863027938
0.7434549391910578
0.9317670799377468
0.28578260500095076
0.31717015105874413
0.41239191242655215
0.3144596616044292
0.7669452510969426
0.6677015431425648
0.4143527193820342
0.36454556652543346
0.735568614973154
0.07286630631012847
0.7038933613698154
0.26519387969381414
0.39379262862633646
0.010286309433732432
0.9158176994704967
0.8309740916710979
0.4285501676721296
0.36736181811009805
0.1032018849670574
0.5639073213005432
0.25100511384913127
0.5167676525500343
0.330304113919369
0.5877468495883991
0.9256189398887436
0.9192897038908547
0.821246197298926
0.7688389175485137
0.43595959603657386
0.7826683983831044
0.5996828786186004
0.7265189529067111
0.5429212747036635
0.027537339566745644
0.6444766726963387
0.4677868079381716
0.8362317599016418
0.05143862710816871
0.3860837324260057
0.323304835829087
0.5450252644715278
0.8792775504925029
0.909551107977513
0.3271232704010133
0.4139772358682384
0.9236964776872835
0.8949040345730853
0.22569423239698783
0.06992252874461624
0.551753815404239
0.1254206767101005
0.04062598960180375
0.8278097912746405
0.061317099267443
0.5542309153837839
0.4646190848555114
0.1865906529267236
0.05065256636532456
0.4505739855049582
0.1053978763538771
0.5276513174034116
0.9555403426610468
0.9727304979329902
0.5202094976735827
0.3356771762580326
0.8840794517891452
0.5213861202354025
0.6539731081285267
0.752778208255796
0.3704541962901161
0.04117044357856514
0.06576741915184814
0.015262267279582242
0.8432931048815503
0.9310609165889391
0.40288712696181106
0.06806269684601551
0.04949052426045686
0.9901082406334982
0.9485189354821466
0.39406771685594333
0.6185152423054618
0.47690280907047555
0.3710233710553963
0.7533024600013679
0.3376965908443281
0.9397399544307592
0.43686584630226233
0.7558874306161856
0.5765674182176727
0.811408818132622
0.46440834897112604
0.6991025760941404
0.21281575163870992
0.12812958435553556
0.6042418648752071
0.26938707924814087
0.9880316124902662
0.21704129928205596
0.18962046246425712
0.374584922082021
0.41354825774256376
0.14645660272754712
0.4745065115688947
0.8032287234230019
0.39043176249127065
0.22282043749658564
0.08418318009185344
0.13996781133497294
0.40386732768141453
0.35964369243904937
0.048121163694847535
0.9352002293916347
0.9535126331162653
0.28241809403505946
0.759445132767078
0.5271935216143392
0.870581434783653
0.32588985424351147
0.7279625280938342
0.6548736784514991
0.831509516491932
0.8823125597219568
0.7839755722668612
0.17850588657870758
0.8127590850483021
0.3921737632690183
0.6159968368650394
0.2447499214675456
0.287756511753985
0.12309607745442708
0.15976659329066312
0.4151340614119139
0.8517798043149868
0.5808992089909688
0.2445168863956242
0.17649496198579806
0.6093188159271493
0.8508905925878618
0.6935958249787237
0.39586773631227434
0.9840994939948403
0.5103467421621164
0.26916088404156224
0.5120259248198511
0.530993430827454
0.7275326492794192
0.9718403364456808
0.3596862665384296
0.25118104491674564
0.4099393483712954
0.561744700038601
0.17112337252823917
0.5391618186683462
0.23571526916115426
0.19101369461494921
0.6447999687995977
0.8056868144543544
0.6441362113421976
0.9650809340784824
0.5361708286320174
0.7085762431545547
0.16179383924363577
0.21443749963769654
0.9063140968311942
0.5038845636492101
0.4596088308200381
0.0959071409652077
0.9377160207723952
0.057370474535190064
0.2678444922490212
0.31969930017077863
0.04768342390475078
0.1808043499319919
0.5473587656598001
0.7983181682135891
0.23046673099130432
0.5125348043897323
0.5338306445301664
0.8712001129395268
0.5527675957858003
0.02241219429305974
0.3843575700550669
0.37578805623590517
0.2814793416138659
0.5429204807544824
0.43335380092265596
0.5247178489555357
0.1698545331859035
0.8165743985222179
0.8426814346081274
0.5998320483121535
0.992938521696089
0.1460775598674765
0.05642327374630085
0.45421090276908793
0.5023176067151152
0.4551556678905525
0.2919031353531708
0.43977874714892884
0.19382335007435914
0.619618652923199
0.9178057104909104
0.7017863321568469
0.5033185126474187
0.10303218023382732
0.22517171777518052
0.17873319357805517
0.49391979170654743
0.25536710339394686
0.8806881283811285
0.6239202096906843
0.5813762412093746
0.5658110367466006
0.12916496658545895
0.019515209300288272
0.4561862871930883
0.9985393579637308
0.198545665725544
0.26676049580405325
0.7229598275713517
0.9036354593531226
0.7089716894638329
0.8353606225859057
0.8144591309016327
0.8564774530497574
0.5383958604329229
0.4698120773450196
0.38880010680841814
0.6454279930479007
0.5476929437826737
0.1583542067463931
0.6510534470671883
0.38970139114190505
0.07517561938181327
0.52567545122863
0.31383885031243
0.19657282642206675
0.6915289566817506
0.2650370452574895
0.5112210410092061
0.996476855157168
0.14803218207437885
0.28122375340565786
0.20090928692409094
0.07789064176195293
0.15309449118575935
0.6891465044308702
0.5727216760856514
0.7107998944288773
0.5209166652058088
0.2602580725858239
0.2817744308264436
0.8321230095185392
0.9575554165517647
0.21210188221039084
0.1756011287675997
0.1653776072912707
0.3318889097194875
0.19331516518139458
0.9089643730373222
0.5182325257013931
0.18911326181181953
0.5195641003984743
0.6897594852363353
0.09508614170544682
0.9998249392902326
0.4473194670055992
0.4962485939907314
0.7572285301372109
0.6076911960718194
0.40555843551366033
0.702021404609878
0.6175260428155075
0.8362884681316021
0.3477519234758736
0.9400053141435583
0.5688929988553484
0.9358143665721154
0.3587474787495156
0.8253660642909596
0.8651514676159108
0.036124771603178285
0.5325074093029364
0.267092138442763
0.1531005654390295
0.0007155904330862217
0.10798806783133186
0.8302010466031264
0.9033998143057953
0.2300991805243804
0.8395498128589629
0.15125623508627595
0.6774701120251918
0.9431390322170344
0.9960808829424884
0.954082443265586
0.7476821491579075
0.3451172863947578
0.22310425250754484
0.15150387164874501
0.11242397325588105
0.0750767915070748
0.7702935775209123
0.05781210675929971
0.4909094790245213
0.7039402060783351
0.6842322680010837
0.4440835243149214
0.0925102929221957
0.015804035016491635
0.556368382857341
0.43428625283632727
0.66934796159011
0.0466145134185737
0.923238214334672
0.9469049740302585
0.47729164041553573
0.8162476071672868
0.0345362364384163
0.40706253536800663
0.7235029999126507
0.5626070500007891
0.2716918530398412
0.7517460068525109
0.9352331898934386
0.2606721892023235
0.7703884733125665
0.9043585689453609
0.29666169859818514
0.4786265425454259
0.7633771534141239
0.43582684320869747
0.9088051379838152
0.0881333217981809
0.7994906404703851
0.9242005996172223
0.04062580382547343
0.514682847460355
0.47236407199687236
0.09342016766183525
0.04085749198537436
0.15156332793793192
0.8851178452412345
0.012796116967712767
0.9436194397174127
0.6269252495353489
0.6870401439199986
0.6484453713160964
0.7383923628492628
0.61019736203312
0.20124600718897023
0.9068058435375562
0.8052814089055781
0.34398836046806525
0.33181105883206197
0.3237818277977026
0.8955004750914032
0.4090545270569138
0.6748520155649521
0.07140909281300123
0.3156157780812835
0.7840720650011062
0.6489266094587125
0.23680886102427712
0.8795524584796391
0.12306966966507893
0.6311162960078953
0.7845488460924126
0.9896769356077917
0.15175546963387632
0.4363774035341732
0.6780801108816358
0.5651039807338571
0.543324601658137
0.43146590379246563
0.814821989718315
0.5642941362326405
0.1670523279290449
0.37749498328039155
0.6840588042525085
0.9618160285932859
0.7827932810811057
0.9925994417006919
0.7403288582126246
0.6493810011712717
0.9144970553041565
0.651982809896701
0.8023406787761987
0.46383045300710724
0.9846798009155879
0.4079130614108183
0.07916992028539371
0.4650764502032827
0.8592249055981813
0.46577423666960827
0.6382213895018738
0.5987635097365837
0.5798221044244125
0.85356884876753
0.4480015170508922
0.8587453045211357
0.43190769088776704
0.9604613972253153
0.39248583123576475
0.09097018838664639
0.45763264704888473
0.6089119505381458
0.20508481849527094
0.6828125984034756
0.1350393516116376
0.025178242899293157
0.6419138814569317
0.7594645965558207
0.7662490191222868
0.408874698791469
0.2150392123046494
0.4819229303651096
0.5255096328920927
0.2969186324801063
0.42827186938714445
0.3445127043066333
0.6030023052875646
0.4986509776476369
0.4353793669685918
0.1905925987994157
0.4445698336121038
0.42090041922908616
0.4742002314313635
0.7133865843288231
0.35802324565484
0.3469740750784249
0.9481984951758223
0.47544535561785184
0.8489838902101592
0.6560153329737954
0.2329303909874355
0.3982812077914121
